Single H8 cantilever block

Nodal displacements
node, x, y, z, ux, uy, uz, rx, ry, rz
1, 0.0000000000e+00, 0.0000000000e+00, 0.0000000000e+00, 0.0000000000e+00, 0.0000000000e+00, 0.0000000000e+00, 2.5000000000e+03, 1.6777035417e+02, 2.5000000000e+02
2, 1.0000000000e+00, 0.0000000000e+00, 0.0000000000e+00, -1.6507448483e-07, -8.2354233007e-09, -1.1348962337e-06, -7.9580786405e-13, 1.8189894035e-12, -7.2759576142e-12
3, 1.0000000000e+00, 2.0000000000e-01, 0.0000000000e+00, -1.6507448483e-07, 8.2354233008e-09, -1.1348962337e-06, -6.8212102633e-13, 3.6379788071e-12, 0.0000000000e+00
4, 0.0000000000e+00, 2.0000000000e-01, 0.0000000000e+00, 0.0000000000e+00, 0.0000000000e+00, 0.0000000000e+00, 2.5000000000e+03, -1.6777035417e+02, 2.5000000000e+02
5, 0.0000000000e+00, 0.0000000000e+00, 2.0000000000e-01, 0.0000000000e+00, 0.0000000000e+00, 0.0000000000e+00, -2.5000000000e+03, -1.6777035417e+02, 2.5000000000e+02
6, 1.0000000000e+00, 0.0000000000e+00, 2.0000000000e-01, 1.6507448483e-07, 8.2354233008e-09, -1.1348962337e-06, 2.2737367544e-13, -1.8189894035e-12, -1.8189894035e-12
7, 1.0000000000e+00, 2.0000000000e-01, 2.0000000000e-01, 1.6507448483e-07, -8.2354233008e-09, -1.1348962337e-06, 5.6843418861e-13, -3.6379788071e-12, -9.0949470177e-12
8, 0.0000000000e+00, 2.0000000000e-01, 2.0000000000e-01, 0.0000000000e+00, 0.0000000000e+00, 0.0000000000e+00, -2.5000000000e+03, 1.6777035417e+02, 2.5000000000e+02

Element average stress
element, sigma_xx, sigma_yy, sigma_zz, tau_xy, tau_yz, tau_xz
1, -1.1823431123e-11, -2.7512214729e-11, 2.5011104299e-12, 3.3139713196e-11, -2.3533175408e-11, -2.5000000000e+04
